[[ -1.84513914e-01  -3.94661139e+00]
 [ -4.63578334e-02  -3.75880401e+00]
 [  3.82798596e-01  -6.40537480e+00]
 [  3.24678247e-03  -3.85059496e+00]
 [  4.32167190e-01  -2.52385847e+00]
 [ -1.19477125e-01  -7.85578876e+00]
 [  2.45902006e-01  -4.95452458e+00]
 [ -6.68322848e-01  -7.41170198e+00]
 [ -2.35356591e-01  -2.27467791e+00]
 [ -5.08968863e-01  -6.15176917e+00]
 [  8.96887662e-01  -7.86201758e+00]
 [  4.89279680e-01  -2.59766604e+00]
 [ -1.90777944e-01  -4.67312774e+00]
 [ -4.94988093e-01  -3.46511876e+00]
 [ -7.36187169e-01  -6.41081617e+00]
 [ -2.02136999e-01  -4.24755916e+00]
 [  4.65077669e-01  -2.72239491e+00]
 [  1.63377931e-02  -4.86613024e+00]
 [ -9.68316109e-01  -2.34764086e+00]
 [ -8.79497749e-01  -8.26543283e-01]
 [ -3.52022662e-01  -5.22973600e+00]
 [ -8.09846785e-01  -3.84494524e+00]
 [  1.92009693e-01  -5.11750581e+00]
 [ -7.73847600e-01  -3.92625348e+00]
 [ -9.43781047e-01  -6.65177975e+00]
 [  3.51239495e-01  -4.14071995e+00]
 [ -6.24140501e-01  -2.71749286e+00]
 [  7.43504531e-01  -3.66229391e+00]
 [  2.45931702e-02  -3.64793977e+00]
 [ -7.38929949e-01  -5.60871086e+00]
 [  7.42953374e-01  -3.55305951e+00]
 [  3.42151225e-01  -3.67283122e+00]
 [ -7.20892008e-01  -4.17617606e+00]
 [  7.30470328e-01  -4.25897808e+00]
 [  3.28864200e-01  -3.52189222e+00]
 [ -1.90335295e-01  -2.16892970e+00]
 [ -2.38110097e-01  -3.26179307e+00]
 [  1.62423501e-01  -5.00445059e+00]
 [  9.26013701e-01  -4.96016132e+00]
 [ -2.31129907e-01  -5.99415990e+00]
 [ -2.77407190e-01  -4.25827802e+00]
 [  3.10072762e-01  -3.80763090e+00]
 [  2.08694706e-01  -4.79245581e+00]
 [ -4.15475635e-01  -4.52793427e+00]
 [ -5.10482874e-01  -1.67513775e+00]
 [  1.46312432e-01  -1.74179762e+00]
 [  3.54936437e-01  -4.98618985e+00]
 [ -3.27561332e-01  -3.60644851e+00]
 [ -3.85244850e-01  -4.51098212e+00]
 [ -5.21216970e-02  -4.01442608e+00]
 [  3.67637665e-01  -2.81300286e+00]
 [  4.06446163e-01  -2.75677977e+00]
 [  5.81847939e-01  -4.60526822e+00]
 [ -1.32956049e+00  -5.76382727e+00]
 [  7.00601968e-01  -3.66948271e+00]
 [ -2.07531651e-01  -4.12903506e+00]
 [ -4.85192106e-01  -4.38749037e+00]
 [  2.77660047e-01  -3.82422788e+00]
 [  1.27528503e-01  -2.84679900e+00]
 [ -3.92123705e-01  -2.37142428e+00]
 [  4.76413808e-01  -3.44743578e+00]
 [ -2.61367591e-01  -4.67419268e+00]
 [ -6.81785912e-01  -4.06054564e+00]
 [ -3.15360144e-01  -3.27377485e+00]
 [  8.84386688e-01  -2.33023447e+00]
 [  5.69398173e-02  -2.46269314e+00]
 [  7.00679733e-01  -3.75591620e+00]
 [ -3.48531803e-01  -3.33894930e+00]
 [  5.43170979e-01  -4.84769239e+00]
 [ -5.34756391e-01  -4.03300910e+00]
 [  4.90648099e-02  -5.87349907e+00]
 [  1.17050276e-01  -3.73641355e+00]
 [  7.85209729e-01  -2.68826037e+00]
 [ -7.24612925e-01  -5.48129194e+00]
 [  1.18402570e+00  -3.76483745e+00]
 [ -2.77419627e-01  -3.95739860e+00]
 [  3.73135084e-01  -3.35752853e+00]
 [  3.09591267e-01  -3.51170891e+00]
 [  1.57238836e-01  -4.58940238e+00]
 [  4.55562965e-01  -3.58804241e+00]
 [  4.34641837e-01  -3.34697382e+00]
 [ -5.78234868e-01  -1.55277617e+00]
 [ -1.05261106e-01  -6.12712588e+00]
 [  9.35544501e-02  -4.92907032e+00]
 [  8.73702994e-01  -5.58059506e+00]
 [  3.05806690e-01  -4.89328658e+00]
 [  8.08565435e-01  -3.94861808e+00]
 [  3.98118191e-01  -4.83174844e+00]
 [ -1.58488026e-01  -3.34063772e+00]
 [  1.05566735e+00  -3.31933515e+00]
 [ -1.07260225e-01  -4.66867452e+00]
 [ -1.46236050e-01  -2.38369798e+00]
 [ -3.05572948e-01  -4.59038412e+00]
 [  4.31748903e-02  -4.74684544e+00]
 [  4.80217237e-02  -4.77958054e+00]
 [ -2.85117730e-01  -3.94611417e+00]
 [  5.83020616e-01  -4.85850783e+00]
 [  2.53622842e-02  -5.36758413e+00]
 [ -1.80285233e-01  -1.46461518e+00]
 [ -1.23756908e-01  -5.82679880e+00]
 [  2.20469330e-01  -3.99954453e+00]
 [  3.73813534e-01  -5.36181546e-01]
 [ -2.11115816e-01  -4.73931946e+00]
 [ -3.20967147e-01  -3.87750026e+00]
 [ -9.80320018e-01  -3.61046568e+00]
 [  2.54487004e-01  -4.36462025e+00]
 [ -5.63115701e-01  -3.29889676e+00]
 [  2.24534098e-01  -3.22618134e+00]
 [ -8.73469015e-01  -5.40879785e+00]
 [  2.90075466e-01  -5.07087873e+00]
 [  4.43928446e-01  -3.58962274e+00]
 [  1.18545845e+00  -3.05965455e+00]
 [ -8.86766827e-01  -2.35229524e+00]
 [  6.00837560e-01  -1.87948153e+00]
 [  8.00806777e-01  -2.24242225e+00]
 [ -2.48663365e-01  -5.17943198e+00]
 [ -4.06921810e-01  -3.08933895e+00]
 [ -1.82620393e-01  -4.84393328e+00]
 [  3.15044162e-01  -4.15339832e+00]
 [ -1.98094631e-01  -4.83707838e+00]
 [  4.17915263e-01  -3.58421163e+00]
 [  1.13151709e+00  -3.11847130e+00]
 [ -9.40961180e-02  -5.69359964e+00]
 [ -3.27528874e-01  -3.64628543e+00]
 [ -1.37255593e-01  -2.57940723e+00]
 [ -2.47542008e-01  -5.60148778e+00]
 [  6.11133253e-01  -4.18042725e+00]
 [ -2.26193898e-01  -3.96092681e+00]
 [  1.48295105e+00  -4.52791966e+00]
 [ -2.68679019e-01  -4.00256066e+00]
 [ -4.55447571e-01  -3.94279556e+00]
 [  2.16602818e-01  -2.60013571e+00]
 [  7.02291396e-01  -5.88066447e+00]
 [ -5.89899427e-02  -3.72954824e+00]
 [  3.31660726e-01  -4.71535777e+00]
 [ -9.67721878e-01  -2.61281731e+00]
 [ -6.27622744e-01  -2.01105389e+00]
 [  4.75420430e-01  -4.60522487e+00]
 [ -4.07908369e-01  -4.45621981e+00]
 [ -1.33397982e+00  -5.76707481e+00]
 [ -2.07660760e-01  -2.42126039e+00]
 [ -1.89129771e-01  -5.77910151e+00]
 [  4.22872773e-01  -3.72962470e+00]
 [ -8.43056912e-01  -3.62255281e+00]
 [  2.81346361e-01  -3.49370558e+00]
 [  7.58780888e-01  -3.17312597e+00]
 [ -2.44218166e-01  -2.02863649e+00]
 [  8.45831692e-01  -2.69778569e+00]
 [  1.95975679e-01  -1.83301256e+00]
 [ -1.22770849e-02  -4.04543309e+00]
 [  7.83243216e-02  -4.34329972e+00]
 [ -6.05544036e-01  -4.48369952e+00]
 [  7.65209375e-01  -3.28427822e+00]
 [ -1.56241902e-01  -3.09398085e+00]
 [  7.88728727e-02  -1.77106360e+00]
 [  4.08295390e-01  -3.44070894e+00]
 [ -2.42725106e-01  -2.51623522e+00]
 [  3.01210932e-01  -6.10947770e+00]
 [  5.30205040e-01  -3.33209866e+00]
 [  2.50605845e-01  -5.46159250e+00]
 [  4.45557696e-01  -3.65204326e+00]
 [ -4.70175906e-01  -4.82357268e+00]
 [ -1.63239704e-01  -3.82482718e+00]
 [  1.07693020e+00  -2.87896374e+00]
 [ -2.63484235e-01  -5.09815844e+00]
 [  5.57453231e-01  -3.04250398e+00]
 [  3.78184073e-01  -1.33766938e+00]
 [ -5.31375147e-02  -3.72039710e+00]
 [ -1.22409387e-01  -4.76994707e+00]
 [  2.54549357e-02  -7.42945264e+00]
 [  3.99918341e-01  -1.83803671e+00]
 [ -7.20091924e-01  -3.30569630e+00]
 [ -7.90291511e-01  -4.33526185e+00]
 [ -8.15329074e-01  -5.77607348e+00]
 [  3.62606142e-01  -4.32927726e+00]
 [ -4.81264000e-01  -4.41142435e+00]
 [  1.56744175e-01  -6.28833460e+00]
 [ -1.51289626e-01  -4.90245412e+00]
 [ -7.30855361e-01  -2.83090067e+00]
 [ -2.31166863e-01  -4.52616953e+00]
 [  7.73545188e-02  -5.23359984e+00]
 [ -7.31285760e-01  -2.90391154e+00]
 [  7.16764193e-01  -3.62096336e+00]
 [  6.44111207e-01  -2.47966514e+00]
 [ -3.78984976e-01  -3.46883276e+00]
 [ -5.37178806e-01  -3.55816674e+00]
 [  4.41449095e-01  -2.36295452e+00]
 [ -8.96335861e-01  -6.62903705e+00]
 [  1.06583762e+00  -4.35250085e+00]
 [  3.87999648e-01  -5.03585853e+00]
 [ -4.95104270e-01  -2.89331279e+00]
 [ -2.29709849e-01  -4.45619670e+00]
 [  2.96832801e-02  -3.89682338e+00]
 [ -9.44015790e-01  -3.03154093e+00]
 [ -3.91583801e-01  -3.14559018e+00]
 [  1.54711749e-01  -4.28037834e+00]
 [  8.55407266e-01  -4.12087031e+00]
 [  8.75347324e-01  -5.61725562e+00]
 [  8.89788802e-01  -3.20851192e+00]
 [  2.19919348e-01  -3.90803883e+00]
 [  9.20204296e-01  -4.49102952e+00]
 [ -3.40364466e-01  -4.42810184e+00]
 [  6.74616947e-01  -3.60702808e+00]
 [  1.28315190e-01  -5.02133610e+00]
 [ -2.19729850e-01  -4.93501760e+00]
 [  1.18440760e+00  -2.50565501e+00]
 [  8.82902501e-02  -4.94405067e+00]
 [  4.06393706e-01  -2.68857077e+00]
 [ -1.52625106e-01  -4.58023551e+00]
 [  1.98694359e-01  -4.74521593e+00]
 [ -3.92636309e-01  -4.44243693e+00]
 [  2.07727529e-01  -4.19416808e+00]
 [ -2.06133939e-01  -4.12548713e+00]
 [  6.81532051e-01  -6.40667306e+00]
 [  6.85343516e-01  -4.21874521e+00]
 [ -8.58477460e-02  -4.67307103e+00]
 [  9.97871855e-01  -3.15864931e+00]
 [ -6.71358376e-01  -3.94879324e+00]
 [  1.09837802e+00  -2.15953396e+00]
 [ -7.45556658e-01  -3.63287611e+00]
 [ -5.62554878e-01  -3.63975127e+00]
 [ -4.47459544e-01  -3.85130136e+00]
 [ -2.17492490e-01  -4.05727260e+00]
 [  2.34067920e-01  -2.73998686e+00]
 [ -1.29207174e+00  -4.26991383e+00]
 [  2.61697753e-01  -3.77014445e+00]
 [ -2.71972208e-01  -3.19115172e+00]
 [ -7.83550665e-01  -3.04270303e+00]
 [  7.48685570e-01  -4.89543257e+00]
 [ -7.94191363e-01  -4.91588125e+00]
 [  4.73275571e-02  -3.42161825e+00]
 [  8.32687354e-01  -4.99308783e+00]
 [ -3.51809349e-01  -3.83281243e+00]
 [ -6.95961066e-01  -3.74578360e+00]
 [  2.49761965e-01  -4.11190520e+00]
 [ -2.22287183e-01  -5.03993665e+00]
 [  1.99544183e-01  -3.40394618e+00]
 [ -6.65556656e-01  -5.29059974e+00]
 [  6.74538692e-01  -3.15474549e+00]
 [  3.17874400e-02  -7.26485595e+00]
 [  2.31129773e-01  -5.34919169e+00]
 [ -9.98983308e-02  -6.16086705e+00]
 [  5.43730784e-02  -3.83960949e+00]
 [ -3.71092135e-01  -4.70109963e+00]
 [  1.58028267e-03  -2.92435625e+00]
 [  2.10754269e-01  -6.06694900e+00]
 [  9.70467249e-01  -4.86973922e+00]
 [ -4.25567487e-01  -4.86273253e+00]
 [  3.55054664e-01  -3.44310969e+00]
 [ -3.19552184e-02  -2.16445925e+00]
 [ -7.60067336e-01  -4.26255859e+00]
 [ -7.98344840e-02  -5.09676432e+00]
 [  2.50336112e-01  -4.05860807e+00]
 [ -3.54681268e-01  -5.09653232e+00]
 [ -8.02368228e-01  -4.17574875e+00]
 [  3.90878709e-01  -2.97488012e+00]
 [ -1.30292604e-01  -5.68149112e+00]
 [ -1.05594081e+00  -5.44126616e+00]
 [ -5.51907936e-01  -5.51298523e+00]
 [  5.25890095e-01  -4.18560838e+00]
 [  5.43064662e-01  -3.12912135e+00]
 [  4.52715261e-01  -4.81726608e+00]
 [  6.24126056e-01  -5.37885590e+00]
 [ -7.69600013e-02  -3.60864973e+00]
 [ -2.95006910e-01  -2.73049820e+00]
 [ -8.92006047e-01  -4.69981008e+00]
 [ -9.30883428e-01  -4.04749756e+00]
 [  6.70820932e-01  -2.19632225e+00]
 [ -1.19099629e+00  -3.98279596e+00]
 [  6.88177984e-01  -1.98498322e+00]
 [ -5.98618575e-01  -5.50484972e+00]
 [ -6.46993542e-01  -3.97409402e+00]
 [  8.46164007e-01  -3.91873534e+00]
 [ -8.50410251e-01  -5.17249970e+00]
 [  1.77250656e-01  -3.10976995e+00]
 [  1.05277156e-01  -5.41136371e+00]
 [ -5.76833107e-01  -4.71487456e+00]
 [ -8.16620449e-02  -6.94378786e+00]
 [  8.52428364e-02  -3.63046846e+00]
 [  9.71245009e-02  -4.06785503e+00]
 [  4.97698190e-01  -2.03144874e+00]
 [  2.86312851e-01  -2.39521978e+00]
 [  6.07294872e-01  -3.23386328e+00]
 [ -7.08076568e-02  -2.83167580e+00]
 [ -5.76302750e-03  -3.33093403e+00]
 [ -8.66762694e-02  -4.53070116e+00]
 [ -9.28024197e-01  -3.50968041e+00]
 [ -3.94506062e-01  -4.69785879e+00]
 [ -5.98443698e-01  -3.77235215e+00]
 [ -4.11746493e-01  -2.77377580e+00]
 [  5.68139693e-01  -4.89168730e+00]
 [ -1.30038759e+00  -4.76404747e+00]
 [  1.10622728e+00  -9.36920094e-01]
 [  5.46924694e-01  -1.68820834e+00]
 [  4.85493053e-01  -3.52742841e+00]
 [ -7.65714961e-03  -3.61899795e+00]
 [ -8.25159319e-01  -4.24552235e+00]
 [  9.02594167e-01  -4.86691000e+00]
 [  4.23955484e-01  -3.98940842e+00]
 [  3.30011812e-01  -3.55290941e+00]
 [  6.36990385e-01  -3.38450258e+00]
 [  5.28008709e-01  -3.73230958e+00]
 [  6.29542612e-01  -2.99779215e+00]
 [ -1.08715220e+00  -2.96683119e+00]
 [  7.64863254e-01  -2.86376451e+00]
 [  5.73502612e-02  -3.68616038e+00]
 [  2.58985852e-01  -4.35194310e+00]
 [ -7.39669319e-01  -3.46462231e+00]
 [  4.85411498e-01  -2.75448750e+00]
 [ -5.08664130e-01  -2.54535504e+00]
 [  5.85107431e-01  -3.35055332e+00]
 [  5.42595037e-01  -3.69450274e+00]
 [  7.83647049e-01  -5.01560499e+00]
 [ -7.29598414e-01  -5.82493965e+00]
 [  7.33320021e-01  -5.37357426e+00]
 [ -2.01573593e-01  -4.08769005e+00]
 [ -3.80689504e-02  -1.90193145e+00]
 [ -4.46992834e-01  -4.49002142e+00]
 [ -2.07389224e-01  -1.96064772e+00]
 [ -1.68206785e-01  -3.81286600e+00]
 [  2.10913728e-01  -3.45872121e+00]
 [ -1.59789051e-01  -4.75195932e+00]
 [ -7.12507065e-01  -5.42324818e+00]
 [ -1.61804063e-01  -5.04179681e+00]
 [  4.43025802e-01  -5.67013733e+00]
 [ -1.38415713e+00  -2.19879455e+00]
 [ -9.27837237e-01  -3.82203517e+00]
 [  3.01561779e-02  -4.20369697e+00]
 [ -1.72135956e-01  -3.13752298e+00]
 [ -4.00556504e-01  -2.52379295e+00]
 [  6.53561965e-01  -4.20430540e+00]
 [  1.20532692e+00  -4.79542135e+00]
 [  8.94629165e-01  -3.59303583e+00]
 [ -7.74299813e-01  -4.69655266e+00]
 [ -2.48338924e-01  -5.43411998e+00]
 [ -1.35396571e-01  -4.20391318e+00]
 [ -1.09972498e-01  -2.20574727e+00]
 [ -2.02305849e-01  -3.89883350e+00]
 [ -1.27918326e-01  -2.35145702e+00]
 [  3.71222120e-01  -3.87874754e+00]
 [  2.78515747e-02  -2.91125423e+00]
 [ -2.55621514e-01  -2.89193085e+00]
 [  3.01552894e-01  -5.21967497e+00]
 [  3.75793370e-01  -3.70415129e+00]
 [  5.45571232e-01  -2.25264920e+00]
 [  3.17122704e-01  -4.68225883e+00]
 [ -2.82007483e-01  -2.04568450e+00]
 [ -8.60047299e-01  -3.59873008e+00]
 [ -3.96556205e-01  -4.51154205e+00]
 [ -3.26775077e-01  -3.25403305e+00]
 [ -7.08411557e-01  -4.15715372e+00]
 [ -3.64952722e-01  -4.97597656e+00]
 [  6.64166911e-01  -3.94448515e+00]
 [  1.27858727e-01  -5.13669151e+00]
 [ -6.79515250e-03  -4.32882154e+00]
 [  3.41281985e-01  -3.42137608e+00]
 [ -3.39123326e-01  -3.92427183e+00]
 [  3.87074499e-01  -3.92221766e+00]
 [  5.97475908e-01  -5.30338320e+00]
 [  4.33807497e-01  -4.62884501e+00]
 [  6.07231959e-02  -5.40753716e+00]
 [  3.73101252e-01  -3.11066834e+00]
 [ -1.82227397e-01  -3.44238169e+00]
 [  1.44611722e-02  -3.13281543e+00]
 [ -8.39058727e-01  -2.26382696e+00]
 [  4.32554737e-01  -3.79606718e+00]
 [  6.38281047e-01  -3.56090499e+00]
 [  7.04758329e-03  -4.31385149e+00]
 [  2.08507222e-01  -3.18911609e+00]
 [ -5.46650218e-01  -2.88647982e+00]
 [ -7.49624534e-01  -2.57235317e+00]
 [ -3.68065196e-01  -3.59448419e+00]
 [  2.53914571e-01  -2.73614852e+00]
 [  3.38572137e-01  -5.58612316e+00]
 [  1.49299008e+00  -6.02332341e+00]
 [  7.08730766e-02  -3.25478736e+00]
 [ -1.09502956e-01  -3.62004943e+00]
 [  8.13677049e-01  -2.77145000e+00]
 [  7.23619160e-02  -3.65205333e+00]
 [ -7.17078041e-01  -4.56002149e+00]
 [  1.48601793e-01  -3.93643952e+00]
 [ -2.80285993e-02  -4.09643879e+00]
 [  4.86797555e-01  -3.89693484e+00]
 [  2.04325848e-02  -3.82685815e+00]
 [  2.79385747e-01  -3.52188514e+00]
 [  3.06336916e-01  -3.39756586e+00]
 [  1.97025336e-01  -4.97429503e+00]
 [  3.30858791e-01  -4.16340282e+00]
 [  3.61879468e-01  -4.24709059e+00]
 [  5.34884254e-02  -1.67210332e+00]
 [  4.42895063e-04  -4.43916046e+00]
 [  3.37640807e-01  -4.96653314e+00]
 [ -6.10194678e-01  -3.45927465e+00]
 [  1.37800169e-01  -4.72919991e+00]
 [  7.87669461e-01  -2.30052981e+00]
 [ -5.39170275e-01  -4.04888919e+00]
 [ -2.61599400e-01  -5.02138404e+00]
 [ -9.12829571e-01  -4.40362462e+00]
 [ -5.24876465e-01  -6.09463058e+00]
 [  1.05036867e+00  -5.34752770e+00]
 [  4.34462320e-01  -4.13131628e+00]
 [ -2.30897094e-02  -6.00107608e+00]
 [  1.32245044e-01  -2.72174364e+00]
 [  9.31364100e-01  -5.17755892e+00]
 [ -1.12738115e+00  -3.47468101e+00]
 [  1.01808000e-01  -3.13403367e+00]
 [  2.38480924e-01  -4.25316393e+00]
 [  2.58571094e-01  -1.58894499e+00]
 [ -5.10061304e-01  -3.88881596e+00]
 [ -4.93280640e-01  -3.67706606e+00]
 [ -4.88689145e-01  -5.75786368e+00]
 [ -7.04910255e-02  -5.46850725e+00]
 [ -3.79761993e-01  -2.38967872e+00]
 [ -6.01615610e-01  -5.79432325e+00]
 [  9.72339633e-01  -3.41608416e+00]
 [ -1.79149621e-02  -1.99773722e+00]
 [  2.24350193e-01  -2.60815555e+00]
 [  7.76801705e-03  -4.24774113e+00]
 [ -3.47519036e-01  -2.35554394e+00]
 [  7.72201526e-02  -2.81232342e+00]
 [  2.22828798e-01  -3.48360097e+00]
 [  8.69285410e-01  -3.67948837e+00]
 [ -7.43347954e-01  -2.99662480e+00]
 [ -5.59691253e-02  -3.32708540e+00]
 [  6.20333428e-01  -6.24638082e+00]
 [ -3.22125644e-02  -5.00925990e+00]
 [ -3.66379156e-01  -4.68677845e+00]
 [ -4.53733573e-01  -2.86086318e+00]
 [ -1.63824746e-01  -4.13453611e+00]
 [  1.15434211e-01  -2.60396103e+00]
 [  3.05226818e-01  -4.37501739e+00]
 [ -4.17425724e-01  -5.33360114e+00]
 [ -1.49571756e+00  -5.55330991e+00]
 [ -1.41928935e-01  -4.55396066e+00]
 [ -1.07970108e+00  -5.13559676e+00]
 [ -1.90786339e-01  -3.08016374e+00]
 [ -1.02631280e+00  -4.33528518e+00]
 [ -7.02802980e-01  -4.14848955e+00]
 [ -3.34338909e-01  -3.17428839e+00]
 [ -1.43638746e-01  -4.25574823e+00]
 [ -1.78195280e-01  -6.01610196e+00]
 [  3.35530331e-01  -2.45996437e+00]
 [  7.75978065e-01  -4.62683938e+00]
 [ -5.45237402e-01  -3.46431301e+00]
 [ -9.24307478e-01  -3.14457812e+00]
 [ -9.42786535e-01  -5.41300049e+00]
 [ -9.67774939e-01  -4.52723081e+00]
 [  7.75496734e-02  -3.85003150e+00]
 [ -2.54760309e-01  -2.59901856e+00]
 [ -2.68180793e-01  -2.73562993e+00]
 [ -7.74356543e-01  -5.25257594e+00]
 [  6.35483787e-02  -3.88937500e+00]
 [ -1.46549016e-01  -4.32947743e+00]
 [  8.66688493e-01  -4.69632871e+00]
 [ -9.64571284e-01  -2.69482972e+00]
 [  9.02294973e-02  -4.32243422e+00]
 [ -3.66138850e-01  -3.14839644e+00]
 [ -5.72062720e-01  -4.99594663e+00]
 [  5.00339727e-01  -2.28346687e+00]
 [ -1.32306741e-01  -6.97267037e+00]
 [ -2.14586225e-01  -2.86304762e+00]
 [  1.29193104e-02  -3.34097568e+00]
 [  7.66229307e-01  -2.36225627e+00]
 [  2.39773149e-01  -7.28596199e+00]
 [  2.55380742e-01  -5.10787983e+00]
 [  1.24127122e-01  -3.42644234e+00]
 [ -5.95777531e-01  -2.88325810e+00]
 [ -1.18098361e-01  -4.07862644e+00]
 [  3.12212110e-01  -3.18445262e+00]
 [ -6.50735800e-02  -4.12197833e+00]
 [  5.19287454e-01  -3.25924468e+00]
 [  2.53990598e-01  -3.29920123e+00]
 [ -2.20850413e-01  -2.99584462e+00]
 [ -1.07246054e-01  -4.58771162e+00]
 [  4.14338097e-01  -4.51201880e-01]
 [ -1.65867557e-01  -1.89231592e+00]
 [  4.55334902e-01  -4.76805270e+00]
 [  1.00001263e+00  -3.07463408e+00]
 [ -6.11754795e-02  -4.20440893e+00]
 [  1.72158009e+00  -5.81036622e+00]
 [ -1.92816338e-01  -2.73498842e+00]
 [  1.18319765e-01  -3.24984102e+00]
 [  5.40843455e-02  -1.96983757e+00]
 [ -5.88475098e-01  -4.62331507e+00]
 [  1.84425419e-02  -5.45069710e+00]
 [ -1.86701762e-01  -3.79831652e+00]
 [  2.21284877e-01  -2.95950979e+00]
 [ -3.44560606e-01  -5.74443813e+00]
 [ -1.07865626e+00  -3.78490504e+00]
 [  1.42023032e+00  -3.12157259e+00]
 [ -3.42603246e-01  -4.45987074e+00]
 [ -7.67502819e-02  -3.39442775e+00]
 [  3.16943317e-01  -4.34714795e+00]
 [ -3.42078603e-01  -2.51557082e+00]
 [ -1.60752263e-01  -4.61820433e+00]
 [ -1.88946725e-01  -3.08940687e+00]
 [  2.48932957e-01  -3.95966115e+00]
 [  2.12259416e-01  -2.56768645e+00]
 [  5.50981886e-01  -6.59867895e+00]
 [ -7.18964897e-01  -4.24241055e+00]]